
0.7568025
0.68776625
0.61185807
0.52983636
0.4425208
0.35078368
0.25554165
0.15774636
0.058374904
-0.041579805
-0.14111906
-0.2392483
-0.33498707
-0.42737877
-0.51550025
-0.598471
-0.67546207
-0.7457041
-0.8084954
-0.8632085
-0.90929663
-0.9462995
-0.9738472
-0.9916646
-0.9995735
-0.9974951
-0.98545
-0.9635587
-0.93203974
-0.8912081
-0.8414719
-0.78332794
-0.7173572
-0.6442189
-0.5646438
-0.4794269
-0.38941976
-0.2955217
-0.19867086
-0.09983498
-1.5646219E-6
0.099831864
0.1986678
0.2955187
0.3894169
0.47942415
0.5646412
0.6442165
0.717355
0.78332597
0.8414702
0.8912067
0.93203855
0.9635578
0.9854495
0.9974949
0.99957365
0.991665
0.9738479
0.9463005
0.90929794
0.86321
0.8084972
0.7457062
0.67546433
0.5984735
0.51550287
0.42738158
0.33499
0.23925132
0.14112213
0.0415829
-0.058371812
-0.15774329
-0.25553867
-0.35078079
-0.442518
-0.52983373
-0.61185557
-0.687764
-0.7568005